Epoch: 0 Link F1: 0.647887323943662 Relation F1: 0.5030181086519114 Merge F1: 0.35412474849094566 Test loss: 2.534921869635582

Epoch: 1 Link F1: 0.6720321931589537 Relation F1: 0.5895372233400402 Merge F1: 0.41448692152917505 Test loss: 2.1225633770227432

Epoch: 2 Link F1: 0.6901408450704225 Relation F1: 0.6830985915492958 Merge F1: 0.4969818913480885 Test loss: 1.8830982148647308

Epoch: 3 Link F1: 0.6991951710261569 Relation F1: 0.7122736418511065 Merge F1: 0.5261569416498993 Test loss: 1.7955726236104965

